{
 "cells": [
  {
   "cell_type": "markdown",
   "metadata": {},
   "source": [
    "## **0. What is `coupledbeam`?**\n",
    "\n",
    "`coupledbeam` simulates the propagation of light through slowly-varying tapered waveguides using the coupled-mode approach. When applicable, this approach is typically much faster than alternate techniques like the finite difference beam propagation method (FD-BPM). `coupledbeam` is mostly written in Python, and has a completely Pythonic interface, with some parts written in Julia. In this notebook, we'll go over installation instructions, give some starting examples, and provide basic documentation."
   ]
  },
  {
   "cell_type": "markdown",
   "metadata": {},
   "source": [
    "## **1. Basics**\n",
    "\n",
    "#### **1.1 How to install**\n",
    "Right now, `coupledbeam` is not packaged (though it will be in the future). For now,  install by cloning the Github repo. You will need both a Python3 and a <a href=\"https://julialang.org/downloads/\">Julia</a> installation. Below are the following dependencies:\n",
    "\n",
    "**General**: `Gmsh` (download <a href=\"https://gmsh.info/\">here</a>)\n",
    "\n",
    "**Python**: `numpy`,`scipy`,`juliacall`,`wavesolve`,`pygmsh`,`meshio`,`matplotlib` <br> (All `pip` installable besides `wavesolve`, download <a href=\"https://github.com/jw-lin/wavesolve\">here</a>)\n",
    "\n",
    "**Julia**: `PythonCall`, `StaticArrays`, `GrundmannMoeller` <br>\n",
    "To install the Julia packages, after cloning `coupledbeam`, start a Julia REPL in the root directory and run the following:\n",
    "\n",
    "```\n",
    "using Pkg\n",
    "Pkg.activate(\"FEval\")\n",
    "Pkg.add(\"PythonCall\")\n",
    "Pkg.add(\"StaticArrays\")\n",
    "Pkg.add(\"GrundmannMoeller\")\n",
    "exit()\n",
    "```\n",
    "\n",
    "When updating, if a change has been made to the Julia source code, you will have to re-run the above (and most likely delete the auto-generated `Manifest.toml` file and`.CondaPkg` folder in the `FEval` directory beforehand, if they exist.)"
   ]
  },
  {
   "cell_type": "markdown",
   "metadata": {},
   "source": [
    "#### **1.2 How it works**\n",
    "\n",
    "Below we provide a high-level overview of how the code works.\n",
    "\n",
    "**1.** To solve for the instantaneous eigenmodes of the waveguide at a given $z$ coordinate (which we define as the propagation direction), we use `wavesolve`, a Python package that applies the finite element method over quadratic triangle meshes.\n",
    "\n",
    "**2.** To generate meshes corresponding to the waveguide refractive index profile at $z$, we use `pygmsh`/`Gmsh`. **Only waveguides with step-index profiles are currently supported**.\n",
    "\n",
    "**3.** To simulate tapered waveguides, meshes are continuously evolved forward in $z$ by rescaling all mesh points. **Only tapered waveguides that can be represented this way are currently fully supported**. (Though it can be possible to simulate other kinds of waveguides with a little more work. I plan on extending functionality in the future. Probably will require an implementation of mesh generation with user-defined symmetries.)\n",
    "\n",
    "**4.** In order to quickly evaluate a FE mode field at an arbitrary $(x,y)$ point, `coupledbeam` includes `FEval`, a simple Julia package that implements bounding volume hierarchy (BVH) trees. These structures are used to store mesh triangles, for faster lookup. (There are probably much better implementations out there which I might switch to in the future.)  \n",
    "\n",
    "**5.** To quickly integrate functions involving FE modes (i.e. to take inner products), we use the `GrundmanMoeller` Julia package.\n",
    "\n",
    "**6.** The initial value problem corresponding to the coupled-mode equations is solved using standard Runge-Kutta schemes, as implemented through `SciPy`.\n",
    "\n",
    "#### **1.3 Code structure**\n",
    "\n",
    "`coupledbeam` provides the following modules.\n",
    "\n",
    "> `waveguide` : one of two main modules, used to define waveguides.\n",
    "\n",
    "> `propagator` : the second main module, used to define propagation parameters and run propagations.\n",
    "\n",
    "> `FEval` : the \"finite element evaluation\" module, comprised of Julia source code and a Python wrapper unless you want to resample eigenmodes (e.g. onto rectangular grids).\n",
    "\n",
    "> `example.py` : an example Python scripts which simulates a 6-port photonic lantern. A similar example is covered in in Section 3."
   ]
  },
  {
   "cell_type": "markdown",
   "metadata": {},
   "source": [
    "## **2. How to use `coupledbeam`**\n",
    "\n",
    "Broadly speaking, using `coupledbeam` is a two-step process: we first define a waveguide using the `waveguide` module, and then define a set of parameters for the numerical using the `propagator` module.\n",
    "\n",
    "\n",
    "### **2.1 Defining waveguides**\n",
    "\n",
    "#### **2.1.1** *the `Prim2D` class*\n",
    "\n",
    "The most basic parent class that represents a refractive index geometry is a `Prim2D`. Each `Prim2D` specifies the boundary of a closed region - through an array of $(x,y)$ points - and a refractive index value corresponding to the interior that region. Physically, these boundaries represent material interfaces in the waveguide. A `Prim2D` is generically initialized through\n",
    "\n",
    "`prim2D = waveguide.Prim2D(points,n)`\n",
    "\n",
    "**Arguments**\n",
    "\n",
    "1. `points` : an $N\\times 2$ array of $(x,y)$ points corresponding to a material interface. (The first and last point are automatically connected.)\n",
    "2.  `n` : the refractive index inside the region bounded by `points`. \n",
    "\n",
    "To simulate complex waveguide geometries, users are encouraged to define subclasses that inherit from `Prim2D`. Such classes can have there own `__init__()` functions, but should define a function `make_points()`, which takes in some set of args and returns an array `points`.  An example subclass of `waveguide.Prim2D` that is already implemented is `waveguide.Circle`.\n",
    "\n",
    "#### **2.1.2** *the `Prim3D` class*\n",
    "\n",
    "The next level in complexity is the `Prim3D` parent class, which is essentially a `Prim2D` combined with a function that dictates evolution with respect to $z$. A `Prim3D` is generically initialized as \n",
    "\n",
    "`prim3D = waveguide.Prim2D(prim2D,label)`\n",
    "\n",
    "**Arguments**\n",
    "\n",
    "1. `prim2D` : a `Prim2D` object representing the cross-section of the `Prim3D`\n",
    "2. `label` : a user-specified identifying string to attach to the physical region bounded by `prim2D.points` (e.g. \"core\" or \"cladding\" for a step-index fiber.)\n",
    "\n",
    "Inheriting classes must implement the function `update(z)`, which updates `prim2D` to the desired $z$ coordinate. An example subclass of `waveguide.Prim3D` is `waveguide.Pipe`, which can be used to represent geometries where the cross-section remains circular at all $z$.\n",
    "\n",
    "#### **2.1.3** *the `Waveguide` class*\n",
    "\n",
    "At the highest level, waveguides are defined through the `Waveguide` parent class. `Waveguide` objects are essentially nested lists of `Prim3D` objects: something like `[[p1,p2],[p3,p4,p5],[p6]]` where `p1,p2,...` are individual `Prim3D` object (the exact shape will vary). The refractive index geometry generated by the first set of primitives is overwritten by the next, and so on. A `Waveguide` is generically initialized as \n",
    "\n",
    "`wvg = Waveguide(prim3Dgroups)` \n",
    "\n",
    "where `prim3Dgroups` is the nested list of 3D primitives mentioned above.\n",
    "\n",
    "All `Waveguide` objects have three main class functions:\n",
    "\n",
    "> `Waveguide.update(z)` : this function updates the waveguide to a given $z$ coordinate, returning `None`. The base behavior of this function is to call `update` on every `Prim3D` in the waveguide.\n",
    "\n",
    "> `Waveguide.make_mesh()` : this function is implemented by the base class and returns a quadratic triangle finite element mesh correspodning to the cross-sectional structure of the waveguide at the current $z$ coordinate.\n",
    "\n",
    "> `Waveguide.assign_IOR()` : this *static* function returns a dictionary `IOR_dict` that maps each labelled region in the mesh to a refractive index value. The keys of this dictionary are the labels of the `Prim3D` objects composing the waveguide. Must be implemented by the inheriting class.\n",
    "\n",
    "\n",
    "There is also a more advanced mesh-generating function, `Waveguide.make_mesh_bndry_ref()`, which is similar to the usual `make_mesh()` function with the added option of adaptively refining the mesh in regions near material interfaces.\n",
    "\n",
    "#### **2.1.4** *an example waveguide - the `PhotonicLantern` class*\n",
    "\n",
    "An example of a `Waveguide` subclass is the `PhotonicLantern` class. This class of waveguide is composed of three groups of primitives: a single outer `Pipe` corresponding to lantern jacket, a single inner `Pipe` corresponding to the lantern cladding, and a set of small `Pipe`s embedded within the cladding - the cores. This class has a custom `__init__()` function which automatically generates and arranges `Pipe`s based on parameters like core radius, cladding radius, and core position(s). See `waveguide.PhotonicLantern` for more details. \n",
    "\n",
    "#### **2.1.5** *utility functions for `Waveguides`*\n",
    "Below we list some useful functions implemented by the base `Waveguide` class.\n",
    "\n",
    "> `plot_boundaries()` : plot all boundaries (material interfaces) in the waveguide, at the currently updated $z$ coordinate.\n",
    "\n",
    "> `plot_mesh()` : generate and plot a mesh for the waveguide. You can also explicitly pass in a mesh, produced e.g. by `Waveguide.make_mesh()`, as well as refractive index information, through the optional args `mesh` and `IOR_dict`."
   ]
  },
  {
   "cell_type": "markdown",
   "metadata": {},
   "source": [
    "### **2.2 Propagation - the `Propagator` class**\n",
    "\n",
    "Propagation is controlled via the `Propagator` class. \n",
    "\n",
    "#### **2.2.1** *initialization*\n",
    "\n",
    "Below is the pattern for initialization: \n",
    "\n",
    "`prop = propagator.Propagator(wl,wvg,Nmax,save_dir)`\n",
    "\n",
    "**Arguments**\n",
    "\n",
    "1.  `wl` : the propagation wavelength (in the same spatial unit that the waveguide geometry is defined in)\n",
    "2. `wvg` : a `Waveguide` object\n",
    "3. `Nmax` : the number of propagating modes in this waveguide (we cannot at the moment treat radiative modes)\n",
    "4. `save_dir` : the local path for where data should be saved. The default is `\"./data\"`. Folders will be created if they are not found.\n",
    "\n",
    "#### **2.2.2** *\"characterizing\" the waveguide*\n",
    "\n",
    "Before we can apply coupled-mode theory to simulate the waveguide we have loaded, we need to pre-compute the following waveguide properties, as a function of $z$:\n",
    "* the instanteous eigenmodes\n",
    "* the instanteous eigenvalues\n",
    "* the cross-coupling matrix (formed from the inner product of eigenmodes and eigenmode derivatives.)\n",
    "\n",
    "This step takes the bulk of the time when it comes to waveguide simulation; however, once we have the above, propagation of any guided wavefront through the waveguide is fast. To do this setup, we use the function `prop.prop_setup()`, which will adaptively step forwards in $z$ and compute the required items. Below is the function pattern:\n",
    "\n",
    "`prop.prop_setup(zi,zf)`\n",
    "\n",
    "**Arguments**\n",
    "\n",
    "1. `zi` : the starting $z$ coordinate, which does not have to be 0.\n",
    "2. `zf` : the ending $z$ coordinate, which does not have to be the maximum extent of the waveguide.\n",
    "\n",
    "There are also a number of optional arguments related to computation details.\n",
    "\n",
    "**Optional arguments**\n",
    "\n",
    "3. `tol` : this tolerance parameter controls the adaptive stepping. Smaller = more careful stepping. Values are typically in the 1e-4 to 1e-6 range (default 1e-5).\n",
    "4. `dz0` : this is the fixed $z$ step used to estimate derivatives via centered finite difference. Default is 0.1, but might need to be changed depending on your choice of spatial units.\n",
    "5. `min_zstep` : this is the minimum `z` step that can be chosen by the adaptive scheme. Computation will halt when the stepsize drops below this value. Default 1. Certain meshes sometimes perform poorly an trigger a halt - in these cases you can try remeshing with different parameters and rerunning. (Unfortunately I don't have a better solution atm!)\n",
    "6. `save` : set to True to write all computation results to file. These can be loaded later with `prop.load(tag)`, where `tag` is defined as below\n",
    "7. `tag` : a string tag to attach to output files so that they can be loaded later.\n",
    "8. `fixed_degen` : a nested list of indices (starting from 0) which identify degenerate mode groups. For instance, if we know *a priori* that modes (1,2) and modes (3,4) form degenerate pairs, we could pass in `fixed_degen=[[1,2],[3,4]]`. This can speed up computation (and resolve issues with `min_zstep`).\n",
    "9. `fixed_step` : set this to a numeric value to used a fixed $z$ step, bypassing the adaptive scheme.\n",
    "10. `mesh` : explicitly pass in a mesh (generated from `Waveguide.make_mesh()` or similar) if you don't want to use an auto-generated one.\n"
   ]
  },
  {
   "cell_type": "markdown",
   "metadata": {},
   "source": [
    "#### **2.2.3** *propagation*\n",
    "\n",
    "Once `prop_setup()` has been run, or files produced by a previous setup have been loaded with `prop.load(tag)`, we can simulate light propagation. The first step is to quickly generate interpolation functions for the eigenmodes, eigenvalues, and cross-coupling matrix over $z$. This is done with:\n",
    "\n",
    "`prop.make_interp_funcs()`\n",
    "\n",
    "From here, we can define a launch field, expressed in the basis of the initial eigenmodes of the waveguide, e.g. \n",
    "\n",
    "`u0 = [1,0,0,0,0,0]`\n",
    "\n",
    "and the propagate the field using `prop.propagate()`. The pattern is as follows:\n",
    "\n",
    "`z,u,uf = prop.propagate(u0,zf,WKB)`\n",
    "\n",
    "Arguments \n",
    "\n",
    "1. `u0` : the launch wavefront, expressed in the basis of the initial eigenmodes.\n",
    "2. `zf` : the ending $z$ coordinate for propagation\n",
    "3. `WKB` : (optional), a boolean which controls whether or not an additional correction is included in the coupled-mode equations (default `True`)\n",
    "\n",
    "Returns\n",
    "\n",
    "1. `z` : an array of $z$ values selected by the IVP solver (`scipy.integrate.solve_ivp`, RK23 scheme).\n",
    "2. `u` : an `Nmax` $\\times$ `M` array of mode amplitudes computed at each of the `M` values of `z` (with fast $e^{i\\beta z}$ oscillation factored *out*).  \n",
    "3. `uf` : the final mode amplitudes (with fast $e^{i\\beta z}$ oscillation factored *in* - these are the actual complex-valued mode amplitudes at `zf`).\n"
   ]
  },
  {
   "cell_type": "markdown",
   "metadata": {},
   "source": [
    "## **3. Worked example: 6-port photonic lantern**\n",
    "Below I include some code which uses `coupledbeam` to simulate the propagation of the ${\\rm LP}_{01}$ mode through a \"standard\" (uniform core size) 6-port photonic lantern. Below, we define all the waveguide and simulation parameters."
   ]
  },
  {
   "cell_type": "code",
   "execution_count": 7,
   "metadata": {},
   "outputs": [],
   "source": [
    "### we first define some lantern params ###\n",
    "\n",
    "import numpy as np\n",
    "\n",
    "wl = 1.55                       # wavelength, um\n",
    "taper_factor = 8.               # relative scale factor between frontside and backside waveguide geometry    \n",
    "rcore = 2.2/taper_factor        # radius of tapered-down single-mode cores at frontside, um\n",
    "rclad = 10                      # radius of cladding-jacket interface at frontside, um\n",
    "rjack = 30                      # radius of outer jacket boundary at frontside, um\n",
    "z_ex = 40000                    # lantern length, um\n",
    "\n",
    "nclad = 1.444                   # cladding refractive index\n",
    "ncore = nclad + 8.8e-3          # SM core refractive index\n",
    "njack = nclad - 5.5e-3          # jacket refractive index\n",
    "\n",
    "### define the initial (x,y) locations of the lantern cores\n",
    "\n",
    "t = 2*np.pi/5                   \n",
    "initial_offset = rclad*2/3 # this is the radial distance of the outer lantern cores from the center\n",
    "xpos_i = [0] + [initial_offset*np.cos(i*t) for i in range(5)]\n",
    "ypos_i = [0] + [initial_offset*np.sin(i*t) for i in range(5)]\n",
    "core_pos = np.array([xpos_i,ypos_i]).T \n",
    "\n",
    "### mesh resolution params\n",
    "\n",
    "core_res = 80                       # no. of line segments to use to resolve the core-cladding interface(s)\n",
    "clad_res = 150                      # no. of line segments to use to resolve the cladding-jacket interface\n",
    "jack_res = 30                       # no. of line segments to form the outer jacket boundary\n",
    "clad_mesh_size = 1.0                # mesh size (triangle side length) to use in the cladding region\n",
    "core_mesh_size = 0.1                # mesh size (triangle side length) to use inside the cores\n",
    "\n",
    "### propagator params\n",
    "\n",
    "tol = 1e-5              # adaptive z-stepping tolerance\n",
    "dz0 = 0.1               # fixed z-step to use for finite-differences\n",
    "fixed_degen = []        # degenerate mode groups - we leave this empty for now.\n",
    "\n",
    "std_rcores = np.array([rcore]*6) # arry of core radii. note that we have set all radii equal -> standard lantern.\n",
    "ncores = [ncore]*6 # array of core refractive indices"
   ]
  },
  {
   "cell_type": "markdown",
   "metadata": {},
   "source": [
    "Next, we initialize our `PhotonicLantern` object (yes there are a lot of args, I need to work on this ...)"
   ]
  },
  {
   "cell_type": "code",
   "execution_count": 8,
   "metadata": {},
   "outputs": [],
   "source": [
    "import waveguide\n",
    "lant = waveguide.PhotonicLantern(core_pos,std_rcores,rclad,rjack,ncores,nclad,njack,z_ex,taper_factor,core_res,clad_res,jack_res,core_mesh_size,clad_mesh_size)"
   ]
  },
  {
   "cell_type": "markdown",
   "metadata": {},
   "source": [
    "Let's use the built-in `plot_boundary` and `update` functions to look at the waveguide structure. "
   ]
  },
  {
   "cell_type": "code",
   "execution_count": null,
   "metadata": {},
   "outputs": [],
   "source": [
    "lant.update(0) # set z = 0, lantern entrance\n",
    "lant.plot_boundaries()"
   ]
  },
  {
   "cell_type": "markdown",
   "metadata": {},
   "source": [
    "Next, we initialize a `Propagator` object ..."
   ]
  },
  {
   "cell_type": "code",
   "execution_count": 9,
   "metadata": {},
   "outputs": [],
   "source": [
    "import propagator\n",
    "\n",
    "prop = propagator.Propagator(wl,lant,6)"
   ]
  },
  {
   "cell_type": "markdown",
   "metadata": {},
   "source": [
    "Compute the eigenmodes, eigenvalues, and cross-coupling matrices of the waveguide for $z\\in $[0,`z_ex`], and save it to `\"test\"`."
   ]
  },
  {
   "cell_type": "code",
   "execution_count": 10,
   "metadata": {},
   "outputs": [
    {
     "name": "stdout",
     "output_type": "stream",
     "text": [
      "generating mesh...\n",
      "number of mesh points:  7443\n",
      "starting computation ...\n",
      "current z: 40000 / 40000 ; current zstep: 640.0                time elapsed:  2933.5085451602936\n"
     ]
    },
    {
     "data": {
      "text/plain": [
       "([0,\n",
       "  10,\n",
       "  20,\n",
       "  30,\n",
       "  40,\n",
       "  60,\n",
       "  100,\n",
       "  180,\n",
       "  260,\n",
       "  340,\n",
       "  420,\n",
       "  500,\n",
       "  580,\n",
       "  740,\n",
       "  900,\n",
       "  1060,\n",
       "  1220,\n",
       "  1540,\n",
       "  1860,\n",
       "  2180,\n",
       "  2340.0,\n",
       "  2500.0,\n",
       "  2580.0,\n",
       "  2660.0,\n",
       "  2740.0,\n",
       "  2900.0,\n",
       "  3220.0,\n",
       "  3860.0,\n",
       "  5140.0,\n",
       "  5460.0,\n",
       "  5780.0,\n",
       "  6100.0,\n",
       "  6420.0,\n",
       "  7060.0,\n",
       "  8340.0,\n",
       "  8980.0,\n",
       "  9300.0,\n",
       "  9620.0,\n",
       "  9940.0,\n",
       "  10260.0,\n",
       "  10580.0,\n",
       "  10900.0,\n",
       "  11060.0,\n",
       "  11220.0,\n",
       "  11380.0,\n",
       "  11540.0,\n",
       "  11700.0,\n",
       "  11860.0,\n",
       "  12020.0,\n",
       "  12180.0,\n",
       "  12340.0,\n",
       "  12500.0,\n",
       "  12660.0,\n",
       "  12820.0,\n",
       "  12980.0,\n",
       "  13140.0,\n",
       "  13460.0,\n",
       "  13620.0,\n",
       "  13780.0,\n",
       "  13940.0,\n",
       "  14100.0,\n",
       "  14260.0,\n",
       "  14420.0,\n",
       "  14580.0,\n",
       "  14740.0,\n",
       "  14900.0,\n",
       "  15220.0,\n",
       "  15380.0,\n",
       "  15540.0,\n",
       "  15700.0,\n",
       "  15860.0,\n",
       "  16180.0,\n",
       "  16820.0,\n",
       "  16980.0,\n",
       "  17060.0,\n",
       "  17140.0,\n",
       "  17220.0,\n",
       "  17380.0,\n",
       "  17540.0,\n",
       "  17860.0,\n",
       "  18500.0,\n",
       "  19140.0,\n",
       "  19780.0,\n",
       "  20420.0,\n",
       "  21060.0,\n",
       "  22340.0,\n",
       "  23620.0,\n",
       "  24260.0,\n",
       "  24580.0,\n",
       "  24900.0,\n",
       "  25060.0,\n",
       "  25220.0,\n",
       "  25380.0,\n",
       "  25700.0,\n",
       "  26340.0,\n",
       "  26660.0,\n",
       "  26980.0,\n",
       "  27300.0,\n",
       "  27620.0,\n",
       "  27940.0,\n",
       "  28260.0,\n",
       "  28420.0,\n",
       "  28580.0,\n",
       "  28740.0,\n",
       "  28900.0,\n",
       "  29060.0,\n",
       "  29220.0,\n",
       "  29540.0,\n",
       "  29700.0,\n",
       "  29860.0,\n",
       "  29940.0,\n",
       "  30020.0,\n",
       "  30100.0,\n",
       "  30180.0,\n",
       "  30260.0,\n",
       "  30420.0,\n",
       "  30580.0,\n",
       "  30740.0,\n",
       "  30900.0,\n",
       "  30980.0,\n",
       "  31060.0,\n",
       "  31100.0,\n",
       "  31120.0,\n",
       "  31140.0,\n",
       "  31160.0,\n",
       "  31180.0,\n",
       "  31220.0,\n",
       "  31300.0,\n",
       "  31380.0,\n",
       "  31420.0,\n",
       "  31460.0,\n",
       "  31480.0,\n",
       "  31500.0,\n",
       "  31520.0,\n",
       "  31560.0,\n",
       "  31640.0,\n",
       "  31720.0,\n",
       "  31800.0,\n",
       "  31880.0,\n",
       "  31960.0,\n",
       "  32120.0,\n",
       "  32280.0,\n",
       "  32300.0,\n",
       "  32320.0,\n",
       "  32340.0,\n",
       "  32380.0,\n",
       "  32460.0,\n",
       "  32620.0,\n",
       "  32780.0,\n",
       "  32940.0,\n",
       "  33100.0,\n",
       "  33260.0,\n",
       "  33420.0,\n",
       "  33580.0,\n",
       "  33900.0,\n",
       "  34060.0,\n",
       "  34220.0,\n",
       "  34380.0,\n",
       "  34700.0,\n",
       "  35020.0,\n",
       "  35340.0,\n",
       "  35980.0,\n",
       "  36300.0,\n",
       "  36620.0,\n",
       "  36940.0,\n",
       "  37260.0,\n",
       "  37900.0,\n",
       "  38540.0,\n",
       "  39180.0,\n",
       "  39820.0,\n",
       "  40000],\n",
       " [1.0,\n",
       "  1.00175,\n",
       "  1.0035,\n",
       "  1.00525,\n",
       "  1.007,\n",
       "  1.0105,\n",
       "  1.0175,\n",
       "  1.0315,\n",
       "  1.0455,\n",
       "  1.0594999999999999,\n",
       "  1.0735,\n",
       "  1.0875,\n",
       "  1.1015,\n",
       "  1.1295,\n",
       "  1.1575,\n",
       "  1.1855,\n",
       "  1.2135,\n",
       "  1.2695,\n",
       "  1.3255,\n",
       "  1.3815,\n",
       "  1.4095,\n",
       "  1.4375,\n",
       "  1.4515,\n",
       "  1.4655,\n",
       "  1.4795,\n",
       "  1.5074999999999998,\n",
       "  1.5635,\n",
       "  1.6755,\n",
       "  1.8995,\n",
       "  1.9555,\n",
       "  2.0115,\n",
       "  2.0675,\n",
       "  2.1235,\n",
       "  2.2355,\n",
       "  2.4595000000000002,\n",
       "  2.5715,\n",
       "  2.6275,\n",
       "  2.6835,\n",
       "  2.7395,\n",
       "  2.7954999999999997,\n",
       "  2.8514999999999997,\n",
       "  2.9074999999999998,\n",
       "  2.9355,\n",
       "  2.9635,\n",
       "  2.9915000000000003,\n",
       "  3.0195,\n",
       "  3.0475,\n",
       "  3.0755,\n",
       "  3.1035,\n",
       "  3.1315,\n",
       "  3.1595,\n",
       "  3.1875,\n",
       "  3.2155,\n",
       "  3.2435,\n",
       "  3.2715,\n",
       "  3.2995,\n",
       "  3.3555,\n",
       "  3.3835,\n",
       "  3.4114999999999998,\n",
       "  3.4395,\n",
       "  3.4675,\n",
       "  3.4955,\n",
       "  3.5235,\n",
       "  3.5515,\n",
       "  3.5795,\n",
       "  3.6075,\n",
       "  3.6635,\n",
       "  3.6915,\n",
       "  3.7195,\n",
       "  3.7475,\n",
       "  3.7755,\n",
       "  3.8315,\n",
       "  3.9435,\n",
       "  3.9715,\n",
       "  3.9855,\n",
       "  3.9995,\n",
       "  4.0135000000000005,\n",
       "  4.0415,\n",
       "  4.0695,\n",
       "  4.125500000000001,\n",
       "  4.2375,\n",
       "  4.3495,\n",
       "  4.4615,\n",
       "  4.5735,\n",
       "  4.685499999999999,\n",
       "  4.9094999999999995,\n",
       "  5.1335,\n",
       "  5.2455,\n",
       "  5.3015,\n",
       "  5.3575,\n",
       "  5.3855,\n",
       "  5.4135,\n",
       "  5.4415,\n",
       "  5.4975,\n",
       "  5.6095,\n",
       "  5.6655,\n",
       "  5.7215,\n",
       "  5.7775,\n",
       "  5.8335,\n",
       "  5.8895,\n",
       "  5.9455,\n",
       "  5.9735,\n",
       "  6.0015,\n",
       "  6.0295,\n",
       "  6.0575,\n",
       "  6.0855,\n",
       "  6.1135,\n",
       "  6.1695,\n",
       "  6.1975,\n",
       "  6.2255,\n",
       "  6.2395,\n",
       "  6.2535,\n",
       "  6.2675,\n",
       "  6.2815,\n",
       "  6.2955,\n",
       "  6.3235,\n",
       "  6.3515,\n",
       "  6.3795,\n",
       "  6.4075,\n",
       "  6.4215,\n",
       "  6.4355,\n",
       "  6.4425,\n",
       "  6.446,\n",
       "  6.4495,\n",
       "  6.453,\n",
       "  6.4565,\n",
       "  6.4635,\n",
       "  6.4775,\n",
       "  6.4915,\n",
       "  6.4985,\n",
       "  6.5055,\n",
       "  6.509,\n",
       "  6.5125,\n",
       "  6.516,\n",
       "  6.523,\n",
       "  6.537,\n",
       "  6.551,\n",
       "  6.5649999999999995,\n",
       "  6.579,\n",
       "  6.593,\n",
       "  6.6209999999999996,\n",
       "  6.649,\n",
       "  6.6525,\n",
       "  6.656,\n",
       "  6.6594999999999995,\n",
       "  6.6665,\n",
       "  6.6805,\n",
       "  6.7085,\n",
       "  6.7365,\n",
       "  6.7645,\n",
       "  6.7924999999999995,\n",
       "  6.8205,\n",
       "  6.8485,\n",
       "  6.8765,\n",
       "  6.9325,\n",
       "  6.9605,\n",
       "  6.9885,\n",
       "  7.0165,\n",
       "  7.0725,\n",
       "  7.1285,\n",
       "  7.1845,\n",
       "  7.2965,\n",
       "  7.3525,\n",
       "  7.4085,\n",
       "  7.4645,\n",
       "  7.5205,\n",
       "  7.6325,\n",
       "  7.7444999999999995,\n",
       "  7.8565,\n",
       "  7.9685,\n",
       "  8.0],\n",
       " [array([[-0.00000000e+00, -1.18921973e-08,  4.94553370e-09,\n",
       "           2.39693144e-09, -1.48761352e-10,  1.50407241e-04],\n",
       "         [ 1.18921973e-08, -0.00000000e+00,  1.91301763e-04,\n",
       "           2.18121979e-08, -1.56990917e-08, -1.90331180e-08],\n",
       "         [-4.94553370e-09, -1.91301763e-04, -0.00000000e+00,\n",
       "          -1.33216938e-08,  3.73690154e-08, -7.67686601e-09],\n",
       "         [-2.39693144e-09, -2.18121979e-08,  1.33216938e-08,\n",
       "          -0.00000000e+00,  1.26496645e-04,  1.09891905e-07],\n",
       "         [ 1.48761352e-10,  1.56990917e-08, -3.73690154e-08,\n",
       "          -1.26496645e-04, -0.00000000e+00,  6.67221268e-08],\n",
       "         [-1.50407241e-04,  1.90331180e-08,  7.67686601e-09,\n",
       "          -1.09891905e-07, -6.67221268e-08, -0.00000000e+00]]),\n",
       "  array([[-0.00000000e+00, -1.18217315e-08,  4.97506349e-09,\n",
       "           2.55969118e-09, -6.82090586e-11,  1.50246750e-04],\n",
       "         [ 1.18217315e-08, -0.00000000e+00,  1.85226220e-04,\n",
       "           2.17631694e-08, -1.57217878e-08, -1.89823956e-08],\n",
       "         [-4.97506349e-09, -1.85226220e-04, -0.00000000e+00,\n",
       "          -1.32341113e-08,  3.73068846e-08, -7.48419801e-09],\n",
       "         [-2.55969118e-09, -2.17631694e-08,  1.32341113e-08,\n",
       "          -0.00000000e+00,  1.25784662e-04,  1.10965239e-07],\n",
       "         [ 6.82090586e-11,  1.57217878e-08, -3.73068846e-08,\n",
       "          -1.25784662e-04, -0.00000000e+00,  6.67558491e-08],\n",
       "         [-1.50246750e-04,  1.89823956e-08,  7.48419801e-09,\n",
       "          -1.10965239e-07, -6.67558491e-08, -0.00000000e+00]]),\n",
       "  array([[-0.00000000e+00, -1.17513217e-08,  5.00334795e-09,\n",
       "           2.72299174e-09,  1.16587825e-11,  1.50085714e-04],\n",
       "         [ 1.17513217e-08, -0.00000000e+00,  1.79522719e-04,\n",
       "           2.17151452e-08, -1.57443419e-08, -1.89301756e-08],\n",
       "         [-5.00334795e-09, -1.79522719e-04, -0.00000000e+00,\n",
       "          -1.31464955e-08,  3.72433806e-08, -7.29453490e-09],\n",
       "         [-2.72299174e-09, -2.17151452e-08,  1.31464955e-08,\n",
       "          -0.00000000e+00,  1.25064896e-04,  1.12018814e-07],\n",
       "         [-1.16587825e-11,  1.57443419e-08, -3.72433806e-08,\n",
       "          -1.25064896e-04, -0.00000000e+00,  6.67734607e-08],\n",
       "         [-1.50085714e-04,  1.89301756e-08,  7.29453490e-09,\n",
       "          -1.12018814e-07, -6.67734607e-08, -0.00000000e+00]]),\n",
       "  array([[-0.00000000e+00, -1.16812349e-08,  5.02999342e-09,\n",
       "           2.88686600e-09,  9.08650425e-11,  1.49924157e-04],\n",
       "         [ 1.16812349e-08, -0.00000000e+00,  1.74145792e-04,\n",
       "           2.16679246e-08, -1.57667414e-08, -1.88766538e-08],\n",
       "         [-5.02999342e-09, -1.74145792e-04, -0.00000000e+00,\n",
       "          -1.30586160e-08,  3.71791105e-08, -7.10810263e-09],\n",
       "         [-2.88686600e-09, -2.16679246e-08,  1.30586160e-08,\n",
       "          -0.00000000e+00,  1.24341148e-04,  1.13053267e-07],\n",
       "         [-9.08650425e-11,  1.57667414e-08, -3.71791105e-08,\n",
       "          -1.24341148e-04, -0.00000000e+00,  6.67755915e-08],\n",
       "         [-1.49924157e-04,  1.88766538e-08,  7.10810263e-09,\n",
       "          -1.13053267e-07, -6.67755915e-08, -0.00000000e+00]]),\n",
       "  array([[-0.00000000e+00, -1.16117272e-08,  5.05549687e-09,\n",
       "           3.05129450e-09,  1.69455105e-10,  1.49762104e-04],\n",
       "         [ 1.16117272e-08, -0.00000000e+00,  1.69077942e-04,\n",
       "           2.16212149e-08, -1.57889766e-08, -1.88221244e-08],\n",
       "         [-5.05549687e-09, -1.69077942e-04, -0.00000000e+00,\n",
       "          -1.29710367e-08,  3.71140160e-08, -6.92457634e-09],\n",
       "         [-3.05129450e-09, -2.16212149e-08,  1.29710367e-08,\n",
       "          -0.00000000e+00,  1.23609431e-04,  1.14068684e-07],\n",
       "         [-1.69455105e-10,  1.57889766e-08, -3.71140160e-08,\n",
       "          -1.23609431e-04, -0.00000000e+00,  6.67623169e-08],\n",
       "         [-1.49762104e-04,  1.88221244e-08,  6.92457634e-09,\n",
       "          -1.14068684e-07, -6.67623169e-08, -0.00000000e+00]]),\n",
       "  array([[-0.00000000e+00, -1.14734392e-08,  5.10266320e-09,\n",
       "           3.38164247e-09,  3.24424668e-10,  1.49436601e-04],\n",
       "         [ 1.14734392e-08, -0.00000000e+00,  1.59802783e-04,\n",
       "           2.15299583e-08, -1.58324129e-08, -1.87093949e-08],\n",
       "         [-5.10266320e-09, -1.59802783e-04, -0.00000000e+00,\n",
       "          -1.27959689e-08,  3.69810015e-08, -6.56628852e-09],\n",
       "         [-3.38164247e-09, -2.15299583e-08,  1.27959689e-08,\n",
       "          -0.00000000e+00,  1.22126962e-04,  1.16042492e-07],\n",
       "         [-3.24424668e-10,  1.58324129e-08, -3.69810015e-08,\n",
       "          -1.22126962e-04, -0.00000000e+00,  6.66900607e-08],\n",
       "         [-1.49436601e-04,  1.87093949e-08,  6.56628852e-09,\n",
       "          -1.16042492e-07, -6.66900607e-08, -0.00000000e+00]]),\n",
       "  array([[-0.00000000e+00, -1.12000747e-08,  5.18260796e-09,\n",
       "           4.04778483e-09,  6.25504247e-10,  1.48780622e-04],\n",
       "         [ 1.12000747e-08, -0.00000000e+00,  1.44091130e-04,\n",
       "           2.13543258e-08, -1.59129867e-08, -1.84717905e-08],\n",
       "         [-5.18260796e-09, -1.44091130e-04, -0.00000000e+00,\n",
       "          -1.24473901e-08,  3.67053986e-08, -5.88282604e-09],\n",
       "         [-4.04778483e-09, -2.13543258e-08,  1.24473901e-08,\n",
       "          -0.00000000e+00,  1.19090130e-04,  1.19763544e-07],\n",
       "         [-6.25504247e-10,  1.59129867e-08, -3.67053986e-08,\n",
       "          -1.19090130e-04, -0.00000000e+00,  6.63694104e-08],\n",
       "         [-1.48780622e-04,  1.84717905e-08,  5.88282604e-09,\n",
       "          -1.19763544e-07, -6.63694104e-08, -0.00000000e+00]]),\n",
       "  array([[-0.00000000e+00, -1.06666866e-08,  5.29481797e-09,\n",
       "           5.39532008e-09,  1.19115845e-09,  1.47453072e-04],\n",
       "         [ 1.06666866e-08, -0.00000000e+00,  1.20846670e-04,\n",
       "           2.10223259e-08, -1.60376154e-08, -1.79580354e-08],\n",
       "         [-5.29481797e-09, -1.20846670e-04, -0.00000000e+00,\n",
       "          -1.17671534e-08,  3.61201119e-08, -4.63510313e-09],\n",
       "         [-5.39532008e-09, -2.10223259e-08,  1.17671534e-08,\n",
       "          -0.00000000e+00,  1.12798091e-04,  1.26315985e-07],\n",
       "         [-1.19115845e-09,  1.60376154e-08, -3.61201119e-08,\n",
       "          -1.12798091e-04, -0.00000000e+00,  6.50864434e-08],\n",
       "         [-1.47453072e-04,  1.79580354e-08,  4.63510313e-09,\n",
       "          -1.26315985e-07, -6.50864434e-08, -0.00000000e+00]]),\n",
       "  array([[-0.00000000e+00, -1.01496083e-08,  5.35344253e-09,\n",
       "           6.75311243e-09,  1.70555108e-09,  1.46111636e-04],\n",
       "         [ 1.01496083e-08, -0.00000000e+00,  1.04725422e-04,\n",
       "           2.07063879e-08, -1.61015057e-08, -1.74063407e-08],\n",
       "         [-5.35344253e-09, -1.04725422e-04, -0.00000000e+00,\n",
       "          -1.11172114e-08,  3.54962954e-08, -3.52828877e-09],\n",
       "         [-6.75311243e-09, -2.07063879e-08,  1.11172114e-08,\n",
       "          -0.00000000e+00,  1.06322636e-04,  1.31724231e-07],\n",
       "         [-1.70555108e-09,  1.61015057e-08, -3.54962954e-08,\n",
       "          -1.06322636e-04, -0.00000000e+00,  6.30543850e-08],\n",
       "         [-1.46111636e-04,  1.74063407e-08,  3.52828877e-09,\n",
       "          -1.31724231e-07, -6.30543850e-08, -0.00000000e+00]]),\n",
       "  array([[-0.00000000e+00, -9.64877550e-09,  5.36762577e-09,\n",
       "           8.10959132e-09,  2.16715790e-09,  1.44762984e-04],\n",
       "         [ 9.64877550e-09, -0.00000000e+00,  9.30160886e-05,\n",
       "           2.03986414e-08, -1.60991461e-08, -1.68286709e-08],\n",
       "         [-5.36762577e-09, -9.30160886e-05, -0.00000000e+00,\n",
       "          -1.05018899e-08,  3.48399831e-08, -2.54577717e-09],\n",
       "         [-8.10959132e-09, -2.03986414e-08,  1.05018899e-08,\n",
       "          -0.00000000e+00,  9.97814609e-05,  1.36046032e-07],\n",
       "         [-2.16715790e-09,  1.60991461e-08, -3.48399831e-08,\n",
       "          -9.97814609e-05, -0.00000000e+00,  6.04012249e-08],\n",
       "         [-1.44762984e-04,  1.68286709e-08,  2.54577717e-09,\n",
       "          -1.36046032e-07, -6.04012249e-08, -0.00000000e+00]]),\n",
       "  array([[-0.00000000e+00, -9.16417792e-09,  5.34420678e-09,\n",
       "           9.45468236e-09,  2.57553352e-09,  1.43412351e-04],\n",
       "         [ 9.16417792e-09, -0.00000000e+00,  8.41714196e-05,\n",
       "           2.00939944e-08, -1.60311866e-08, -1.62336855e-08],\n",
       "         [-5.34420678e-09, -8.41714196e-05, -0.00000000e+00,\n",
       "          -9.92220155e-09,  3.41554048e-08, -1.67485171e-09],\n",
       "         [-9.45468236e-09, -2.00939944e-08,  9.92220155e-09,\n",
       "          -0.00000000e+00,  9.32640337e-05,  1.39346730e-07],\n",
       "         [-2.57553352e-09,  1.60311866e-08, -3.41554048e-08,\n",
       "          -9.32640337e-05, -0.00000000e+00,  5.72472500e-08],\n",
       "         [-1.43412351e-04,  1.62336855e-08,  1.67485171e-09,\n",
       "          -1.39346730e-07, -5.72472500e-08, -0.00000000e+00]]),\n",
       "  array([[-0.00000000e+00, -8.69578450e-09,  5.28835206e-09,\n",
       "           1.07795039e-08,  2.93137223e-09,  1.42063874e-04],\n",
       "         [ 8.69578450e-09, -0.00000000e+00,  7.72639373e-05,\n",
       "           1.97892838e-08, -1.59013528e-08, -1.56278943e-08],\n",
       "         [-5.28835206e-09, -7.72639373e-05, -0.00000000e+00,\n",
       "          -9.37669437e-09,  3.34458473e-08, -9.04907266e-10],\n",
       "         [-1.07795039e-08, -1.97892838e-08,  9.37669437e-09,\n",
       "          -0.00000000e+00,  8.68465351e-05,  1.41697035e-07],\n",
       "         [-2.93137223e-09,  1.59013528e-08, -3.34458473e-08,\n",
       "          -8.68465351e-05, -0.00000000e+00,  5.37040460e-08],\n",
       "         [-1.42063874e-04,  1.56278943e-08,  9.04907266e-10,\n",
       "          -1.41697035e-07, -5.37040460e-08, -0.00000000e+00]]),\n",
       "  array([[-0.00000000e+00, -8.24393238e-09,  5.20421581e-09,\n",
       "           1.20761746e-08,  3.23611712e-09,  1.40720831e-04],\n",
       "         [ 8.24393238e-09, -0.00000000e+00,  7.17052703e-05,\n",
       "           1.94818966e-08, -1.57147567e-08, -1.50167353e-08],\n",
       "         [-5.20421581e-09, -7.17052703e-05, -0.00000000e+00,\n",
       "          -8.86309353e-09,  3.27143157e-08, -2.27264379e-10],\n",
       "         [-1.20761746e-08, -1.94818966e-08,  8.86309353e-09,\n",
       "          -0.00000000e+00,  8.05887537e-05,  1.43169578e-07],\n",
       "         [-3.23611712e-09,  1.57147567e-08, -3.27143157e-08,\n",
       "          -8.05887537e-05, -0.00000000e+00,  4.98732751e-08],\n",
       "         [-1.40720831e-04,  1.50167353e-08,  2.27264379e-10,\n",
       "          -1.43169578e-07, -4.98732751e-08, -0.00000000e+00]]),\n",
       "  array([[-0.00000000e+00, -7.39048942e-09,  4.96351437e-09,\n",
       "           1.45599425e-08,  3.70073313e-09,  1.38060938e-04],\n",
       "         [ 7.39048942e-09, -0.00000000e+00,  6.32296571e-05,\n",
       "           1.88519299e-08, -1.51952892e-08, -1.37948636e-08],\n",
       "         [-4.96351437e-09, -6.32296571e-05, -0.00000000e+00,\n",
       "          -7.91829421e-09,  3.11959923e-08,  8.81458037e-10],\n",
       "         [-1.45599425e-08, -1.88519299e-08,  7.91829421e-09,\n",
       "          -0.00000000e+00,  6.87001000e-05,  1.43779634e-07],\n",
       "         [-3.70073313e-09,  1.51952892e-08, -3.11959923e-08,\n",
